5.6692057460e-01 -4.2787024144e-01 -4.2261218877e-01 5.6296274876e-01 1.2952245608e-16 -1.2783179821e-16 1.4432211843e-16 3.2495911721e-16 
4.2261218877e-01 5.6296274876e-01 5.6692057460e-01 4.2787024144e-01 -2.1147219737e-16 -2.6179663047e-16 7.9294261009e-17 1.0010434132e-16 
4.2261218877e-01 -5.6296274876e-01 5.6692057460e-01 -4.2787024144e-01 -2.5956158263e-16 4.6048035655e-16 1.2171675547e-16 3.2150223745e-16 
-5.6692057460e-01 -4.2787024144e-01 4.2261218877e-01 5.6296274876e-01 1.8262328522e-16 -2.4452759541e-17 2.1085445686e-17 3.5207985872e-16 
-2.4029604896e-16 -1.4008033465e-16 -2.3033120879e-16 3.0288157240e-16 1.0000000000e+00 -1.6700361807e-16 3.6572687189e-16 -1.8450191426e-16 
5.7362043176e-17 -1.1736051793e-16 1.6538337788e-16 -3.7183511541e-16 -1.3862528256e-16 1.0000000000e+00 -1.4342060177e-16 -2.0992392424e-16 
8.3326969762e-17 -4.0736074337e-17 3.3324698244e-16 2.6462029785e-16 4.3950530541e-16 -1.7580904022e-16 1.0000000000e+00 6.2825886723e-17 
-3.7138498850e-16 -3.4375109519e-16 2.8577493204e-16 2.5021258868e-16 -1.4175404571e-16 -3.4074550632e-16 1.3817910227e-16 1.0000000000e+00 
