9.9789526216e-01 2.8405290407e-02 3.5279645045e-03 -3.0726943820e-17 1.6611401871e-17 9.6763699500e-03 3.8270258502e-18 3.6801539178e-17 -2.1120007837e-02 1.1252330598e-03 1.0960818478e-02 -1.6975208912e-03 1.4086225697e-17 4.4084916022e-17 -2.3862324579e-02 9.7205610977e-18 4.1279479087e-17 -6.9004489332e-03 
2.8405290407e-02 3.4346988536e-01 2.3406960365e-01 3.5728118813e-16 4.8970178943e-17 2.0202902548e-02 4.6081948125e-16 1.9702415662e-16 5.5228230729e-02 -2.3862324579e-02 -1.5990004727e-01 -1.2792327019e-01 4.9792265442e-16 2.1307933242e-16 2.6918700951e-01 4.3292939989e-16 1.8948809899e-16 2.2689452131e-01 
3.5279645045e-03 2.3406960365e-01 2.2383934125e-01 -2.2648073332e-15 -1.7638656563e-15 7.0603718932e-02 -2.1190566517e-15 -1.7448306041e-15 7.7675217037e-02 -6.9004489332e-03 5.3924704985e-02 6.0815406183e-02 -2.2192777860e-15 -1.7482779538e-15 2.2689452131e-01 -2.1659502062e-15 -1.6783452914e-15 2.2311614189e-01 
-3.0726943820e-17 3.5728118813e-16 -2.2648073332e-15 2.5975663326e-01 -5.2303854257e-17 3.9372529648e-16 2.4980954367e-01 -2.3189383749e-15 -2.3176360590e-16 2.7416802803e-16 -3.7558361777e-16 9.0083627895e-16 2.5975663326e-01 -7.5672915461e-16 -2.9208447556e-16 2.4980954367e-01 -5.7910515200e-16 1.9297805651e-15 
1.6611401871e-17 4.8970178943e-17 -1.7638656563e-15 -5.2303854257e-17 2.5975663326e-01 5.2070540237e-16 -1.6650912866e-15 2.4980954367e-01 -3.3541255376e-16 -2.7456020333e-16 3.3774143811e-16 3.1843649119e-16 -8.6115893939e-16 2.5975663326e-01 -2.4380572390e-16 -7.1761881580e-16 2.4980954367e-01 1.7914762177e-15 
9.6763699500e-03 2.0202902548e-02 7.0603718932e-02 3.9372529648e-16 5.2070540237e-16 5.0682645671e-01 1.9781803349e-16 2.3338043999e-16 4.6157045974e-01 1.0960818478e-02 5.3087366775e-02 -2.2646578993e-03 1.9917760050e-16 1.5631387552e-16 -1.5990004727e-01 2.4767225179e-16 1.8675342469e-16 5.3924704985e-02 
3.8270258502e-18 4.6081948125e-16 -2.1190566517e-15 2.4980954367e-01 -1.6650912866e-15 1.9781803349e-16 2.4024336674e-01 -3.7855469508e-15 -3.7389847386e-16 7.0433212140e-17 -4.3199023616e-16 8.3193057110e-16 2.4980954367e-01 -2.3447031152e-15 -1.3198324882e-16 2.4024336674e-01 -2.1172433471e-15 1.9165708492e-15 
3.6801539178e-17 1.9702415662e-16 -1.7448306041e-15 -2.3189383749e-15 2.4980954367e-01 2.3338043999e-16 -3.7855469508e-15 2.4024336674e-01 -5.2807781459e-16 2.1481859968e-16 -1.1525904034e-16 -8.4104261451e-17 -3.1059975853e-15 2.4980954367e-01 -1.2885631598e-16 -2.8760729247e-15 2.4024336674e-01 1.6728244802e-15 
-2.1120007837e-02 5.5228230729e-02 7.7675217037e-02 -2.3176360590e-16 -3.3541255376e-16 4.6157045974e-01 -3.7389847386e-16 -5.2807781459e-16 4.2796905453e-01 -1.6975208912e-03 -2.2646578993e-03 -4.6515751228e-02 -3.8717620144e-16 -6.3932006621e-16 -1.2792327019e-01 -3.2423630238e-16 -5.8421435342e-16 6.0815406183e-02 
1.1252330598e-03 -2.3862324579e-02 -6.9004489332e-03 2.7416802803e-16 -2.7456020333e-16 1.0960818478e-02 7.0433212140e-17 2.1481859968e-16 -1.6975208912e-03 9.9789526216e-01 9.6763699500e-03 -2.1120007837e-02 6.4576169701e-17 -5.1648365570e-17 2.8405290407e-02 -2.8190132943e-17 -2.0880641427e-16 3.5279645045e-03 
1.0960818478e-02 -1.5990004727e-01 5.3924704985e-02 -3.7558361777e-16 3.3774143811e-16 5.3087366775e-02 -4.3199023616e-16 -1.1525904034e-16 -2.2646578993e-03 9.6763699500e-03 5.0682645671e-01 4.6157045974e-01 -5.3343930551e-16 6.3318422593e-17 2.0202902548e-02 -5.0098281086e-16 1.0192257156e-16 7.0603718932e-02 
-1.6975208912e-03 -1.2792327019e-01 6.0815406183e-02 9.0083627895e-16 3.1843649119e-16 -2.2646578993e-03 8.3193057110e-16 -8.4104261451e-17 -4.6515751228e-02 -2.1120007837e-02 4.6157045974e-01 4.2796905453e-01 7.8755231195e-16 1.0294396434e-16 5.5228230729e-02 7.6200651796e-16 1.3720205779e-16 7.7675217037e-02 
1.4086225697e-17 4.9792265442e-16 -2.2192777860e-15 2.5975663326e-01 -8.6115893939e-16 1.9917760050e-16 2.4980954367e-01 -3.1059975853e-15 -3.8717620144e-16 6.4576169701e-17 -5.3343930551e-16 7.8755231195e-16 2.5975663326e-01 -1.5655842398e-15 -1.5034373421e-16 2.4980954367e-01 -1.3800421503e-15 1.9739862687e-15 
4.4084916022e-17 2.1307933242e-16 -1.7482779538e-15 -7.5672915461e-16 2.5975663326e-01 1.5631387552e-16 -2.3447031152e-15 2.4980954367e-01 -6.3932006621e-16 -5.1648365570e-17 6.3318422593e-17 1.0294396434e-16 -1.5655842398e-15 2.5975663326e-01 -3.3623627252e-17 -1.3972306444e-15 2.4980954367e-01 1.8124277340e-15 
-2.3862324579e-02 2.6918700951e-01 2.2689452131e-01 -2.9208447556e-16 -2.4380572390e-16 -1.5990004727e-01 -1.3198324882e-16 -1.2885631598e-16 -1.2792327019e-01 2.8405290407e-02 2.0202902548e-02 5.5228230729e-02 -1.5034373421e-16 -3.3623627252e-17 3.4346988536e-01 -2.1259910759e-16 -5.4306584143e-17 2.3406960365e-01 
9.7205610977e-18 4.3292939989e-16 -2.1659502062e-15 2.4980954367e-01 -7.1761881580e-16 2.4767225179e-16 2.4024336674e-01 -2.8760729247e-15 -3.2423630238e-16 -2.8190132943e-17 -5.0098281086e-16 7.6200651796e-16 2.4980954367e-01 -1.3972306444e-15 -2.1259910759e-16 2.4024336674e-01 -1.2077693210e-15 1.8642066328e-15 
4.1279479087e-17 1.8948809899e-16 -1.6783452914e-15 -5.7910515200e-16 2.4980954367e-01 1.8675342469e-16 -2.1172433471e-15 2.4024336674e-01 -5.8421435342e-16 -2.0880641427e-16 1.0192257156e-16 1.3720205779e-16 -1.3800421503e-15 2.4980954367e-01 -5.4306584143e-17 -1.2077693210e-15 2.4024336674e-01 1.7445157975e-15 
-6.9004489332e-03 2.2689452131e-01 2.2311614189e-01 1.9297805651e-15 1.7914762177e-15 5.3924704985e-02 1.9165708492e-15 1.6728244802e-15 6.0815406183e-02 3.5279645045e-03 7.0603718932e-02 7.7675217037e-02 1.9739862687e-15 1.8124277340e-15 2.3406960365e-01 1.8642066328e-15 1.7445157975e-15 2.2383934125e-01 
