6.9966553092e-01 -7.0045345872e-01 -9.5205128870e-02 -8.8033895002e-02 3.0238649671e-02 -5.8980190560e-17 7.3352950032e-17 -1.0156641069e-16 -3.0023899587e-17 3.5464988284e-02 -9.5219789273e-17 -4.4795178979e-17 1.8684275800e-02 6.7907909394e-03 -1.1859604937e-02 -3.3053409214e-17 3.4881070526e-17 -1.7638174951e-02 
7.9153375206e-02 -8.4009645985e-02 4.3643934273e-01 4.6368021926e-01 -1.6294032814e-01 3.5157674415e-15 -1.1047074699e-16 -8.5211410269e-16 -5.9651965670e-16 -3.3942362595e-01 1.0413182834e-15 2.2814909139e-16 -1.5799923526e-01 1.1924163863e-01 5.0173910993e-01 -6.2962680976e-17 9.3858177607e-16 3.8537782423e-01 
5.8975610081e-02 -4.0007363476e-02 4.4250374205e-01 3.5444508400e-01 -2.7759651277e-01 -1.0213374537e-14 -1.6494897730e-15 5.6492580988e-15 2.9822161793e-15 -1.8526011855e-01 -3.1246660691e-15 2.0427583163e-17 2.3513379547e-01 -6.5618507451e-02 -4.1032254387e-01 1.4407356233e-16 -2.3240949741e-15 -5.7804930001e-01 
1.7418966792e-04 -1.2879791267e-03 2.3698223022e-01 -2.0482274690e-01 5.5392295869e-01 -1.9545428570e-15 6.9887586426e-16 1.3269201838e-15 6.4022946742e-17 -3.9805074771e-01 -1.4726027080e-15 -1.6110959619e-16 3.5977401007e-01 -5.4363005992e-01 8.7013847930e-02 2.5828687715e-16 1.1360833175e-16 6.3780433202e-02 
-2.8119338864e-17 -2.1814456023e-17 5.3307788587e-16 -1.2222257896e-15 1.3200769916e-15 4.7479398516e-01 -1.8527629346e-01 -5.4694905393e-01 2.4774186079e-02 -8.9969244151e-16 -2.8914606984e-01 3.9577508390e-01 -1.4557939576e-15 -1.1079567579e-16 5.1481944394e-16 4.4725020691e-01 -1.4150071864e-02 -8.7175151733e-16 
7.0646873847e-17 7.1352001875e-17 -3.9068862974e-17 2.3914831149e-17 -3.4586245313e-17 1.8527629346e-01 4.7479398516e-01 -2.4774186079e-02 -5.4694905393e-01 2.7362029687e-17 3.9577508390e-01 2.8914606984e-01 2.1995826102e-15 5.0584836848e-16 -5.2294510822e-16 1.4150071864e-02 4.4725020691e-01 7.6539728696e-17 
2.6920905564e-02 2.6553408038e-02 2.2019660393e-01 -3.3116010082e-01 2.9773411874e-01 -7.2127069434e-15 3.4682869748e-17 3.8163776096e-15 1.5587078997e-15 -4.3677010827e-01 1.4843657953e-15 7.4868676079e-16 -5.3848110404e-01 4.3115645212e-01 -2.6866562042e-01 5.5026417981e-16 -1.9163623434e-15 -1.1385908161e-01 
-2.8910609018e-16 -2.8373315539e-16 4.3766764327e-16 -1.1291736750e-15 1.1000825121e-15 4.5661228081e-01 -1.7818134514e-01 -4.4701566369e-01 2.0247679657e-02 -2.2303078848e-15 3.0065948850e-01 -4.1153433056e-01 1.1936275809e-15 -1.1369604115e-16 -7.8854182769e-16 -5.4723603088e-01 1.7313416615e-02 2.6849430988e-16 
1.1311931090e-17 1.3633875885e-17 -2.6319885041e-17 8.5280475628e-18 -1.1010929667e-16 1.7818134514e-01 4.5661228081e-01 -2.0247679657e-02 -4.4701566369e-01 -7.3934707951e-17 -4.1153433056e-01 -3.0065948850e-01 -2.1858532195e-15 -3.5315259029e-16 5.8751770545e-16 -1.7313416615e-02 -5.4723603088e-01 -1.6156979562e-17 
6.9966553085e-01 7.0045345879e-01 -9.5205128870e-02 8.8033895002e-02 3.0238649671e-02 -3.6801996716e-16 2.3228726673e-16 2.9359619757e-16 -6.8314053989e-17 -3.5464988284e-02 -2.3932771344e-16 1.4940768699e-16 1.8684275800e-02 -6.7907909394e-03 -1.1859604937e-02 1.0564393025e-16 2.5919460844e-19 1.7638174951e-02 
7.9153375196e-02 8.4009645993e-02 4.3643934273e-01 -4.6368021926e-01 -1.6294032814e-01 -3.3365012963e-15 4.3942877287e-17 8.2446180302e-16 9.4138292640e-16 3.3942362595e-01 1.1507857027e-15 -6.5718116820e-16 -1.5799923526e-01 -1.1924163863e-01 5.0173910993e-01 -1.1469831304e-15 -3.1941925297e-16 -3.8537782423e-01 
5.8975610077e-02 4.0007363483e-02 4.4250374205e-01 -3.5444508400e-01 -2.7759651277e-01 1.0626935282e-14 9.6787358984e-16 -5.0927596117e-15 -3.0687085198e-15 1.8526011855e-01 -2.2716855361e-18 7.1639686414e-17 2.3513379547e-01 6.5618507451e-02 -4.1032254387e-01 5.9358904208e-16 2.0114873645e-15 5.7804930001e-01 
-1.7418966778e-04 -1.2879791267e-03 -2.3698223022e-01 -2.0482274690e-01 -5.5392295869e-01 8.5361240639e-16 9.5905378203e-17 9.1257399349e-16 -2.8393765386e-16 -3.9805074771e-01 3.0025443602e-15 8.6726858717e-16 -3.5977401007e-01 -5.4363005992e-01 -8.7013847930e-02 7.8326665756e-16 -8.5973983032e-16 6.3780433202e-02 
-3.8932489059e-17 -3.4674435003e-17 1.4090827863e-16 -6.8397711706e-16 1.0400384530e-15 4.7479398516e-01 -1.8527629346e-01 5.4694905393e-01 -2.4774186079e-02 9.1401435622e-16 -2.8914606984e-01 3.9577508390e-01 -1.6990551782e-15 -4.3236430175e-16 -3.8351809027e-16 -4.4725020691e-01 1.4150071864e-02 1.3515460873e-16 
5.3877247329e-18 7.2035051418e-18 -2.0843035170e-17 7.2667787509e-18 -8.8644719965e-17 1.8527629346e-01 4.7479398516e-01 2.4774186079e-02 5.4694905393e-01 3.8282233213e-17 3.9577508390e-01 2.8914606984e-01 3.2344241875e-15 1.1038969029e-15 4.9568207767e-16 -1.4150071864e-02 -4.4725020691e-01 1.0333435642e-17 
-2.6920905567e-02 2.6553408035e-02 -2.2019660393e-01 -3.3116010082e-01 -2.9773411874e-01 -6.4128034467e-15 -1.2629486496e-15 3.9126030803e-15 2.0678219079e-15 -4.3677010827e-01 -5.3079921709e-15 -3.9875419589e-16 5.3848110404e-01 4.3115645212e-01 2.6866562042e-01 -4.8093370142e-16 -3.9834289972e-17 -1.1385908161e-01 
1.3247344625e-16 1.3757430345e-16 1.1815050261e-16 -6.1515563837e-16 1.0782344207e-15 4.5661228081e-01 -1.7818134514e-01 4.4701566369e-01 -2.0247679657e-02 6.3631985343e-16 3.0065948850e-01 -4.1153433056e-01 1.9096901163e-15 5.6252616234e-16 4.7115763590e-16 5.4723603088e-01 -1.7313416615e-02 4.8891494770e-18 
-1.0223389191e-17 -8.9683789366e-18 1.4631782544e-17 2.9276905002e-18 -6.2930745682e-17 1.7818134514e-01 4.5661228081e-01 2.0247679657e-02 4.4701566369e-01 2.2481676973e-17 -4.1153433056e-01 -3.0065948850e-01 -3.5424122832e-15 -1.2043501085e-15 -5.8630079943e-16 1.7313416615e-02 5.4723603088e-01 -7.0109635860e-18 
