-3.0913073733e-02 1.5657158488e-01 -5.9460540010e-02 -2.5149843747e-01 -3.3472686852e-02 3.5768802364e-01 2.0873460479e-01 -3.7247770014e-01 -2.2525122477e-01 -3.1423103622e-01 -4.7804155142e-02 -3.5529887735e-01 -7.0718692217e-02 3.8192216097e-01 -1.3628103614e-01 -2.9222904252e-01 -1.1342333477e-01 1.9363053752e-01 -7.7113151348e-02 -8.5028918372e-02 
-7.8544481096e-02 2.3153424067e-01 -1.6462675012e-01 -3.2108550437e-01 -1.7518730346e-01 3.5710362649e-01 -2.7719776294e-02 -3.1214533854e-01 7.8848214139e-02 -1.2629127432e-01 -1.2204009095e-01 1.0866049931e-01 -1.0686063752e-01 -3.3378831417e-01 6.1487868035e-02 4.2818366260e-01 1.2279861595e-01 -3.6212914068e-01 1.1996122226e-01 1.8487059431e-01 
-1.0996597566e-01 3.4621684538e-01 -1.7679836724e-01 -3.5460181023e-01 -1.2462345846e-01 1.5751657076e-01 -1.7424734360e-01 1.2817048347e-01 2.6441411980e-01 2.9860305454e-01 7.0362777224e-02 3.4323280148e-01 7.0786028595e-02 -1.2855203197e-01 -5.1650765237e-02 -2.1632145408e-01 -1.8263081279e-01 3.7134698007e-01 -2.0167483275e-01 -2.4320014171e-01 
-1.8898384135e-01 3.2752196319e-01 -2.5418402634e-01 -1.9459274991e-01 -8.2849146603e-02 -1.3394336962e-01 -5.1152020681e-02 3.6306105395e-01 -1.0446406144e-01 2.3000462119e-01 2.0947806388e-01 -1.9039845365e-01 9.8384775255e-02 4.0059143758e-01 -5.8513203285e-02 -8.2176926059e-02 6.9966805090e-02 -3.3833192305e-01 1.9145491725e-01 3.3912787659e-01 
-2.0015622039e-01 3.6876172757e-01 -1.6672937839e-01 9.4800339153e-03 2.0376507378e-03 -3.9529409066e-01 6.1974261794e-03 1.7302226999e-01 -2.7566847137e-01 -2.5711662894e-01 -8.5451840594e-02 -3.0018283755e-01 -1.7921623368e-02 -1.9637786590e-01 1.6526955805e-01 3.3526756401e-01 -1.2549233204e-02 1.2652154389e-01 -2.4815405796e-01 -3.3758521445e-01 
-2.7460981735e-01 2.9069392543e-01 -7.9220274015e-02 1.8056892118e-01 1.9061944433e-01 -3.0321543335e-01 1.1565336686e-01 -1.5637732980e-01 9.4027155498e-02 -3.0458050648e-01 -2.5902838951e-01 2.6030908058e-01 -4.8019744757e-03 -1.9470585907e-01 -3.3425035268e-02 -3.9886086267e-01 -7.2563379415e-02 8.8764331964e-02 1.9184252305e-01 3.8800114718e-01 
-2.4233325140e-01 2.7158152343e-01 3.2494442605e-02 3.6589684022e-01 1.2830090039e-01 -3.0846034844e-02 1.8410345775e-01 -3.4490603839e-01 2.3896427713e-01 1.8590836532e-01 8.1127981086e-02 2.2404259467e-01 -5.2956603571e-02 3.8125759752e-01 -5.6533133980e-03 1.1312513590e-01 1.7213735436e-01 -2.7405148317e-01 -2.0985265230e-01 -3.2265696060e-01 
-2.6871168468e-01 1.7976931196e-01 1.8335408207e-01 3.4953928004e-01 1.8463054297e-02 2.2737804527e-01 -7.7626173125e-02 -1.6257729995e-01 -5.7911234716e-02 3.3998292556e-01 2.7072118594e-01 -3.0375373463e-01 -8.6893245838e-02 -1.4868866237e-01 6.3853147612e-02 2.1043675567e-01 -1.2526163479e-01 4.0743932834e-01 1.3142074936e-01 3.0609645500e-01 
-1.7900263238e-01 1.2620000510e-01 1.6405624890e-01 3.2152555094e-01 -4.0006253949e-02 4.2310196554e-01 -2.2375547555e-01 2.7779917560e-01 -1.5098655074e-01 -9.6778075256e-02 -4.8615494490e-02 -1.2842158905e-01 6.9379613052e-02 -3.1127879826e-01 -1.5772865708e-01 -3.8176720613e-01 1.5542159517e-01 -3.4160555217e-01 -1.0977914175e-01 -1.9398730534e-01 
-1.2415007859e-01 5.8812163928e-02 1.5862155458e-01 1.7487998283e-01 -1.4836437323e-01 3.0159460642e-01 -4.6200207653e-02 3.9468720182e-01 1.2165975717e-02 -3.4470944647e-01 -2.5693593508e-01 3.2002591753e-01 1.1648497286e-01 4.0582659032e-01 3.5113989590e-02 3.4102043913e-01 -5.4369003603e-02 2.3078184403e-01 4.3992024433e-02 1.1468049615e-01 
5.8812270037e-02 1.2415287588e-01 1.7488046231e-01 -1.5862535533e-01 3.0159590552e-01 1.4836945462e-01 3.9469088364e-01 4.6196607129e-02 -3.4470973177e-01 -1.2168466553e-02 3.2002159563e-01 2.5693365805e-01 4.0582387793e-01 -1.1648618544e-01 3.4101933550e-01 -3.5112816622e-02 2.3078108249e-01 5.4368246736e-02 1.1468028988e-01 -4.3991667519e-02 
1.2620005121e-01 1.7900420714e-01 3.2152519335e-01 -1.6405713436e-01 4.2310038767e-01 4.0005832137e-02 2.7779456925e-01 2.2375509206e-01 -9.6773279394e-02 1.5098710850e-01 -1.2842197201e-01 4.8617303432e-02 -3.1128056675e-01 -6.9382739637e-02 -3.8176812622e-01 1.5773146701e-01 -3.4160570631e-01 -1.5542330885e-01 -1.9398734341e-01 1.0977992895e-01 
1.7976933534e-01 2.6871446537e-01 3.4953869105e-01 -1.8335529599e-01 2.2737617931e-01 -1.8464924575e-02 -1.6258325787e-01 7.7627512065e-02 3.3998490808e-01 5.7913557500e-02 -3.0375143424e-01 -2.7071826700e-01 -1.4868784773e-01 8.6893691389e-02 2.1043619067e-01 -6.3853417873e-02 4.0743831685e-01 1.2526157754e-01 3.0609595733e-01 -1.3142063633e-01 
2.7158112412e-01 2.4233348768e-01 3.6589472348e-01 -3.2493707974e-02 -3.0848146122e-02 -1.2830121615e-01 -3.4490492380e-01 -1.8410483431e-01 1.8590412871e-01 -2.3896512416e-01 2.2404278102e-01 -8.1128450451e-02 3.8125949244e-01 5.2958328382e-02 1.1312585781e-01 5.6529342460e-03 -2.7405173368e-01 -1.7213797411e-01 -3.2265741711e-01 2.0985343546e-01 
2.9069448336e-01 2.7460976128e-01 1.8056752458e-01 7.9221691082e-02 -3.0321710283e-01 -1.9061950515e-01 -1.5637310461e-01 -1.1565432393e-01 -3.0458204288e-01 -9.4029060619e-02 2.6031032099e-01 2.5902623242e-01 -1.9470486770e-01 4.8010415700e-03 -3.9886054213e-01 3.3425405216e-02 8.8764115073e-02 7.2563325908e-02 3.8800092317e-01 -1.9184271671e-01 
3.6876263476e-01 2.0015548639e-01 9.4789305182e-03 1.6672928145e-01 -3.9529430550e-01 -2.0368378056e-03 1.7302372583e-01 -6.1942979031e-03 -2.5711523312e-01 2.7566977876e-01 -3.0018205715e-01 8.5450235709e-02 -1.9637914237e-01 1.7920684594e-02 3.3526707126e-01 -1.6526909789e-01 1.2652175258e-01 1.2549532950e-02 -3.3758500919e-01 2.4815381469e-01 
3.2752199685e-01 1.8898225658e-01 -1.9459373636e-01 2.5418259635e-01 -1.3394092599e-01 8.2849835545e-02 3.6305836485e-01 5.1154515065e-02 2.3000564270e-01 1.0446369260e-01 -1.9040244305e-01 -2.0947679574e-01 4.0059260937e-01 -9.8384061586e-02 -8.2176679047e-02 5.8512860723e-02 -3.3833286603e-01 -6.9967247464e-02 3.3912830132e-01 -1.9145510367e-01 
3.4621782839e-01 1.0996525607e-01 -3.5460393529e-01 1.7679692824e-01 1.5751903348e-01 1.2462140925e-01 1.2817096594e-01 1.7424559390e-01 2.9860575752e-01 -2.6441683930e-01 3.4323034334e-01 -7.0360169443e-02 -1.2854953521e-01 -7.0784170618e-02 -2.1632136585e-01 5.1650607470e-02 3.7134665862e-01 1.8262950881e-01 -2.4319987254e-01 2.0167361214e-01 
2.3153462216e-01 7.8543267621e-02 -3.2108615208e-01 1.6462362843e-01 3.5710307094e-01 1.7518281217e-01 -3.1214334801e-01 2.7716126464e-02 -1.2629156159e-01 -7.8846651999e-02 1.0866438355e-01 1.2203910739e-01 -3.3379106517e-01 1.0685972677e-01 4.2818506181e-01 -6.1488529203e-02 -3.6212990229e-01 -1.2279889853e-01 1.8487076307e-01 -1.1996124777e-01 
1.5657129534e-01 3.0913122297e-02 -2.5149862200e-01 5.9460785235e-02 3.5768813134e-01 3.3473285196e-02 -3.7248085444e-01 -2.0873493997e-01 -3.1423639737e-01 2.2525497323e-01 -3.5529573720e-01 4.7800687666e-02 3.8191876883e-01 7.0714619785e-02 -2.9222814954e-01 1.3627793583e-01 1.9363028383e-01 1.1342170243e-01 -8.5028862015e-02 7.7112345869e-02 
